1111161611 1³5

01. 111. 10. 10. 11116 1611611161 mum, 11.-1111116111
116 6116111166 166101. 11. 16. 9. 1661111111ωῶ 01. 111. 29. 41. 66·
6116116661 61 Caesaris 16166 811. wius 11111661 661666 dmm 161
11. 1. 19. 81 1161161111 168161611- aufem 81111116. 1801116611, 6666 ⁴
161661 66161 Sat. 1. 9. 9. 1111161 qm 1666166111 Ep. .1.212.
66111161. 1161666616111811. 11 1161666116166616 lunga
11. 5. 37. Ferentinum Ep. 1. 1718. 811. .8. 118. ,
ibam 16116 111 11611811. 1. 9. 9.16 murm, 661111 01.1.13.18.
1111661 orbiu Britannos 01. 185. 89. 16, υ, 16, mentia.
111 1011111111 11111111. 11111111 man 1 1117111. 1111. =
16616666811. 1811116161)- 111. . ·
11181181111811111611 1111111111111111111
81161 116116. 11616166 sat. 1. 5. 8. 79. 101. 811. 1. 6. 50. 811 11. 1.
48116 lavatum 811. 1. 6. 185. 611 59. 811. 11. 2. 46. 81111. 5. 18.
1616616681116. 81. 1161616611- 861. 11. 6. 1. flat. 11. 7. 8. 5. 81.
8811112188111118 81818811. 11811· ⁶:
661 616161916161611161,16166181. 11 Pio. 61. 101. 151. 225. 226. 3
11121·,1111111111111118 8118811 1111. ..11.1..
111111.11.2.4ο.1,1616,11611611 1111,1)11661601.188.5.811.
1116611811. 11. 8. 81166 1611ρί66- 11. 6. 48. 1661111 serpens 1161 11611-

111 1616111, 116181. 1. 3. 27. 61666, 161611 01. 1. 27. 5 propotu

1111· 11111 11116...

1111111111 1'1. ὲ. 1'7. 11111111...- 1161. 111. ἑ. 11 1111616111-

161 1611 811.1. 6. 75. 6166166616 161110. 8. 43. quo 6166 1161 611 111111

6111111 8161. 16. 86. it. 1611161616 8611. 9. 1666616111066116611161
² *1 8811· 1181111818 {iffi 1111118118111

18011. 11. 6. 26 61 161161 611 hue 61 imbri 811. 1. ,5195 6161611616 8111.

1161 euntium 8161. 4. 1166661116 17. 4. doctu· 1161 661161 EX: 11 Pu.

66166.01.111.11.50.1, 66101. 68. supremum 61116110.11.17.

111. 14. 17. 811. 1. 10. 98 1 nune 11. ·- 11 61166 6611166111 matun

Ep. 1. 6. 17. Ep. 1. 7. 71. E ,11. 1161 61 1111111111 semita 11166 8111.

8. 76. *11611116 811865. 16 18103.

611616166111161666161 6611166161- 1111161, 1) 116 116111 vm 81.

66611811. 1. 10. 58. 4) 16 1616116161 1. 18. 12 1161161161 fortuna 6161

procedere: 666161 6661 Ep. 11. 2. 55. 01. 111. 8. 62. 11616166 16616 ’111111

quotquot 6661 dieu 0111. 14. 5. 6611616618 11211. 1161116661·

gratior 111161 01. IV. 5. 7. 6616116166 ⁸d. 1. 314. 1161181661

111111616166166111616116601. 1611101081. 282- 21101331οἶ ⁴
¹ 1111111166, 1611618161. 5. 47. 1181118111 mam
Ι 1611161111111616116666161166111 111161, 01. 1. 14. 10. 01. 1. 88. ,
acervos 01. 11. 8. 23. 10. 811. 1. 10. 39. 861. Π. 7. 88. Bp.

. , 611161161616166681118. 1. 2 ’8. Rp. 1. 5. 4. ι
71· 161661, 1) 61161 6611111666 lubet

6111661161, 1116166611 revolvi· 66 1611616 moribu- 01. 1. 18. 2(

6611661 jam 16611111 81ᾐ11. 1. 22³. 16161661111161116616 11611 8161.

11116661161166811 4.16.- 51161161616115166166 putem
161161 16616811. 11. 1.,1. barbam 811118 ,6661111111
..111111181181118118 111111·Υ 8111111111 ,1.

1111111116,161611111681.11. 6. 59. 666116 1661161161 stt. 3⁸.
1198, . . 118. 1111111161 161666161661611-

 

