Δ

1888011011. ὓ

. omum, 111.. 1111111.- 11111111111111μς... 111..

11111 1111111111 11111111 ,1. 2. 67.- 1111111111.18Ρ11.267.2 providus,
11111111111111111111 d. 111. 20. 2. 11181111 1111111111111111111111111
8111 11111111111111111108.111.8. 08. 1110. 8. 111111 1111111 1111111
11. lupun Ep. Ι. 16. 50. cautum dignm
111111, 1) 1111 1111111111181. 1111111111 811. 1. 6. 51. 111111 18111
11. 2. 89. 2) 11181111 11111 formati 811. ΙΙ. 5. 88. 111111 111 11111 caput
181111οωί1111 011. 10. 8.- 1. 811. 11. 5.94. 1111111111111811 111-
11). 1111111111111 08. ΠΙ. 12.8. tu· 1111111111 1111111111. Ι. 1.
11111, 1 equina Ep. 11. 1. 45. 73.
1111 11· 8151188111 1.“.’1“11111““’”““’ ω’

81. 11111 1111111111 (1. q. 81118111) omn, 1) 1111 11 111111 811. “

811. ΙΙ. 8. 53. 2)11111111111111111 Ι.4.85.1111111111111111811.11.8-
11111 811. 1. 2. 45. turgenti· 1111111 91. 111111,1111111111111111 811.
11181181111. 7. 49. ’ 11.7.68.1111(11111111)1111111111

111111, 1111111811 Ι. 5. 116. mule 11811, 111111111111111 11111 111111 ,
suburbano, 11111111 111111 111 11111, 11111111 151- 1111, 11 nni·
811111181111.4. 15. caulibus 111111- plns 11111 1111111- 08. 1117.
111(111111) 811. 11. 2. 62. unguere gr 11 qm ΙΙΙίοριιΙω laboret, pnroe
1111111111811. 118. 125. ’ 11111108. ,8. 26. 1111, ne 111·

11111,11111811811.1.1.29.81- 1111 811. 11. 8. 177. 1111 1111111111 ,
1111 Α pl 8111111111 cauponibus 111· occupet 1111111 .Ι. 6. 82. 1111,11
lignis 811. Ι. 6 4. 11111111 Ep· Ι. 18. 19. 111111, 111111-
..11111111111111111115 11111111111111
8. in 111111111111181.1.11.12. 1111111 1111111111 11111111 Ep. 18

11111, 1)1111111111111111 11111111 1111244- 111111111 81111. 8. 88.
111111 1111111 00. 1. 16.’ 19. 11111 -· 111111 ro 11 811. ΙΙ. 5. 75. 1111-
1111 11111 11181116. 71. quae 11111 ,11111111 111ιέ p. 18 811. 168. 1111
compescant 111111 Ep. 1. 12. 16. 011. 14.1. 1111, 1111 11118. 6.
11111 11111108. 11. 2. 14. 11111 11 - nunquam 1111111 11111 111·

1111108. ΙΙ. 1. 2. 811. Ι. 8108. Ep. 1111111111 11111 08111814. 2) ,

Ι. 2. 9. quid 111111 111 sat} 1. 20. 1111111111 111 1111111 111111 provida
118111811ἓά8881114184111111101188 1188111311111115111111111. 1. 7. 88.
111111 11 11111111 earum 11111111 pauper 811. ΙΙ. 6 81. 1111111 in-
811. 1189211111 111111111111111, 118111 811. 11. 6. 117. 11111 1111111-
11111 111118811. Ι. 7. 14. voluptatis 1111811111173. .

1111111.181’11.888. 1111 11111 11111, 1111111111111011119.

811. 1. .97. 1)“111111111111 1181- 12. 1111 08. 111.18. 14. 1111181 Β

1111111 1111181111 peragenda 811. Ι. 111111. 14. 11. 1111 11118. 16. 41.
1026. 111111 1111111 ,1. 1113. 111111, 1) 1111181111 1111811 111
111111111111111 ,1811111170 11- ( 1) q' 111111 111 1181111811.
1111111111118111. 7. 22. 11111111- .1. 65. 2 1111181111 11811 11111·
811111111811.Ι. 1026. 8111118111 111 11111111 et domo, 1111111108.
111111811.11.5.84.11111 .1. 7. ΙΙ. 8. 17. 19. 118111 1111111 08.
18. mim Moschi 1111111 Ep. . 6. 9., ΙΙΙ. 8. 21. 111 ut 81 1181 1111181
1111111111 causaque 1111111111111 1181111 8118111268. 11111111
811. 11. 5. 80. 1111111111 111111 111 1111111111110811.1.26. 11111
11111111. 1111. ‘t 08. 1. 85. 26. 1181111111111
1111111, 1111111111 locum 81111811.11.2.18. ’111111111111111
1111111181). Ι. 14. 12. temporo 11111 11811 811. Ι. 1·'119·.
11111, 1111111111 1111111νὶ11· 3)11)111111, 11111111 8111811 118111
1111 111111111011110. 11111111 08. 1. 6. 6. 1111111111 1111-
111111, 1)1111.1 1111111 111111 8111110111111108111.1116111-Ι
nominibus 11111 111). 11. 1. 105. - terni: 11111111 moribus 1111111111
activas pamm 111111 1113111 1111- 1181 11811 lenibus huperm 111-Ι-

 

